1. Different Model,Dataloader,evaluation
2. train/validation/test
3. Read all data by Multiprocess,and categorize them by ddos types

Syn.csv : 2018-12-01 13:30:30.741451
TFTP.csv : 2018-12-01 13:34:27.403713
DrDoS_MSSQL.csv : 2018-12-01 11:32:32.915441
DrDoS_DNS.csv : 2018-12-01 10:51:39.813448
DrDoS_NTP.csv : 2018-12-01 09:17:11.183810
UDPLag.csv : 2018-12-01 13:04:45.928673
DrDoS_SSDP.csv : 2018-12-01 12:23:13.663425
DrDoS_LDAP.csv : 2018-12-01 11:22:40.254769
DrDoS_NetBIOS.csv : 2018-12-01 11:47:08.463789
DrDoS_UDP.csv : 2018-12-01 12:36:57.628026
DrDoS_SNMP.csv : 2018-12-01 12:00:13.902782

Syn.csv : 2018-11-03 11:36:28.607338
LDAP.csv : 2018-11-03 10:09:00.565557
UDPLag.csv : 2018-11-03 11:01:43.652742
NetBIOS.csv : 2018-11-03 10:01:48.920574
MSSQL.csv : 2018-11-03 10:29:52.072724
UDP.csv : 2018-11-03 10:42:57.176671
Portmap.csv : 2018-11-03 09:18:16.964447